Sensor Temperatures
For use with Final Exam - Fall 2019
28
14
32
20
28
28
25
12
18
21
27
19
18
13
22
32
22
25
15
23
32
14
22
14
26
38
25
26
15
23
38
38
26
21
13
14
18
12
19
30
13
23
20
39
39
32
19
20
18
34
17
21
22
15
36
27
30
14
19
31
37
33
40
22
37
40
26
26
29
30
40
34
26
35
19
22
20
21
30
12
29
16
31
12
12
13
35
37
12
39
16
22
19
20
38
17
29
32
38
37
15
19
33
29
19
34
28
23
17
14
24
16
14
27
35
25
36
14
16
22
19
19
27
20
17
40
25
25
24
30
31
36
34
23
31
28
16
39
31
18
13
39
30
27
34
28
24
12
30
31
35
35
30
36
39
36
20
22
16
15
30
28
24
30
13
15
23
32
13
31
37
29
32
18
19
33
33
33
31
28
18
30
18
23
35
34
21
40
20
38
22
35
14
34
31
40
29
23
26
31
34
21
40
19
26
37
30
15
21
19
35
19
34
32
30
16
22
17
27
25
13
15
37
23
29
15
17
16
23
15
22
39
34
20
29
18
19
28
31
19
15
23
27
39
40
22
24
39
20
26
17
18
23
33
36
27
21
15
23
16
24
23
14
28
32
38
22
14
17
28
24
34
37
40
29
40
22
16
33
23
27
12
28
18
40
35
27
13
26
35
37
16
20
18
13
20
39
21
28
40
12
29
21
30
20
31
38
14
26
35
27
34
16
34
16
33
13
13
12
28
27
26
23
17
15
19
40
25
27
28
38
24
33
37
22
14
37
17
33
16
38
13
12
30
25
33
30
17
39
18
39
24
34
16
36
21
17
29
18
31
36
17
20
25
40
25
40
30
38
33
21
40
30
31
20
12
35
18
33
22
18
17
29
15
34
19
23
39
32
14
15
23
28
14
14
29
30
19
13
20
22
32
24
27
38
29
25
14
40
36
15
18
36
25
25
31
21
20
39
25
33
24
16
24
32
26
17
31
24
32
16
30
21
17
24
22
37
28
26
28
31
38
15
30
28
31
28
17
13
30
23
22
36
26
35
25
17
38
38
25
13
13
26
29
34
24
37
38
28
33
28
16
29
36
23
37
12
30
35
39
21
25
25
35
31
32
13
29
18
19
22
26
23
24
40
32
25
18
13
14
